3
"E_{e}" "GeV" "E_{e}" "GeV"
"cos#theta_{e-p}" "" "\\cos\\theta_{ep}" ""
"T_{p}" "GeV" "T_{p}" "GeV"
15
"Events / Bin Width"
1 0 6 0.02 0.42 0.62 0.82 1.22 7
1
1 -1 -0.5
5
0 1 1
1 1 2
2 1 3
3 1 4
4 1 5
"Events / Bin Width"
1 0 6 0.02 0.42 0.62 0.82 1.22 7
1
1 -0.5 -0.174
5
5 1 1
6 1 2
7 1 3
8 1 4
9 1 5
"Events / Bin Width"
1 0 6 0.02 0.42 0.62 0.82 1.22 7
1
1 -0.174 0.174
5
10 1 1
11 1 2
12 1 3
13 1 4
14 1 5
"Events / Bin Width"
1 0 6 0.02 0.42 0.62 0.82 1.22 7
1
1 0.174 0.5
5
15 1 1
16 1 2
17 1 3
18 1 4
19 1 5
"Events / Bin Width"
1 0 6 0.02 0.42 0.62 0.82 1.22 7
1
1 0.5 1
5
20 1 1
21 1 2
22 1 3
23 1 4
24 1 5
"Events / Bin Width"
1 2 7 0 0.05 0.1 0.15 0.2 0.3 0.8
1
1 -1 -0.5
6
25 1 1
26 1 2
27 1 3
28 1 4
29 1 5
30 1 6
"Events / Bin Width"
1 2 7 0 0.05 0.1 0.15 0.2 0.3 0.8
1
1 -0.5 -0.174
6
31 1 1
32 1 2
33 1 3
34 1 4
35 1 5
36 1 6
"Events / Bin Width"
1 2 7 0 0.05 0.1 0.15 0.2 0.3 0.8
1
1 -0.174 0.174
6
37 1 1
38 1 2
39 1 3
40 1 4
41 1 5
42 1 6
"Events / Bin Width"
1 2 7 0 0.05 0.1 0.15 0.2 0.3 0.8
1
1 0.174 0.5
6
43 1 1
44 1 2
45 1 3
46 1 4
47 1 5
48 1 6
"Events / Bin Width"
1 2 7 0 0.05 0.1 0.15 0.2 0.3 0.8
1
1 0.5 1
6
49 1 1
50 1 2
51 1 3
52 1 4
53 1 5
54 1 6
"Events / Bin Width"
1 2 7 0 0.05 0.1 0.15 0.2 0.3 0.8
1
0 0.02 0.42
6
55 1 1
56 1 2
57 1 3
58 1 4
59 1 5
60 1 6
"Events / Bin Width"
1 2 7 0 0.05 0.1 0.15 0.2 0.3 0.8
1
0 0.42 0.62
6
61 1 1
62 1 2
63 1 3
64 1 4
65 1 5
66 1 6
"Events / Bin Width"
1 2 7 0 0.05 0.1 0.15 0.2 0.3 0.8
1
0 0.62 0.82
6
67 1 1
68 1 2
69 1 3
70 1 4
71 1 5
72 1 6
"Events / Bin Width"
1 2 7 0 0.05 0.1 0.15 0.2 0.3 0.8
1
0 0.82 1.22
6
73 1 1
74 1 2
75 1 3
76 1 4
77 1 5
78 1 6
"Events / Bin Width"
1 2 7 0 0.05 0.1 0.15 0.2 0.3 0.8
1
0 1.22 7
6
79 1 1
80 1 2
81 1 3
82 1 4
83 1 5
84 1 6
