3
"E_{e}" "GeV" "E_{e}" "GeV"
"cos#theta_{e-p}" "" "\cos\theta_{ep}" ""
"T_{p}" "GeV" "T_{p}" "GeV"
3
"Events / Bin Width"
1 0 6 0.02 0.42 0.62 0.82 1.22 7
0
25
0 1 1
5 1 1
10 1 1
15 1 1
20 1 1
1 1 2
6 1 2
11 1 2
16 1 2
21 1 2
2 1 3
7 1 3
12 1 3
17 1 3
22 1 3
3 1 4
8 1 4
13 1 4
18 1 4
23 1 4
4 1 5
9 1 5
14 1 5
19 1 5
24 1 5
"Events / Bin Width"
1 2 7 0 0.05 0.1 0.15 0.2 0.3 0.8
0
30
25 1 1
31 1 1
37 1 1
43 1 1
49 1 1
26 1 2
32 1 2
38 1 2
44 1 2
50 1 2
27 1 3
33 1 3
39 1 3
45 1 3
51 1 3
28 1 4
34 1 4
40 1 4
46 1 4
52 1 4
29 1 5
35 1 5
41 1 5
47 1 5
53 1 5
30 1 6
36 1 6
42 1 6
48 1 6
54 1 6
"Events / Bin Width"
1 1 6 -1 -0.5 -0.174 0.174 0.5 1
0
30
25 1 1
26 1 1
27 1 1
28 1 1
29 1 1
30 1 1
31 1 2
32 1 2
33 1 2
34 1 2
35 1 2
36 1 2
37 1 3
38 1 3
39 1 3
40 1 3
41 1 3
42 1 3
43 1 4
44 1 4
45 1 4
46 1 4
47 1 4
48 1 4
49 1 5
50 1 5
51 1 5
52 1 5
53 1 5
54 1 5
